202 33
83
839
797
798
75
946
104
660
912
856
596
138
548
976
709
146
192
431
418
248
91
785
519
22
915
524
353
184
536
186
85
970
377
234
768
451
531
223
462
442
78
57
932
625
384
992
122
576
775
892
175
865
676
45
239
590
569
591
773
456
129
210
425
857
443
544
307
325
766
121
767
195
529
50
819
913
41
941
840
167
832
366
32
859
410
270
448
330
212
573
137
340
782
562
196
576
105
855
900
223
975
18
417
503
67
236
767
460
528
606
978
711
971
9
569
733
630
368
62
842
940
551
181
721
112
377
648
568
583
548
790
557
917
559
411
336
794
178
147
673
135
124
735
106
133
655
838
762
22
251
603
314
153
136
386
264
512
34
184
94
933
325
2
849
883
764
536
28
293
682
52
428
806
786
533
290
440
722
403
814
324
6
127
477
141
512
92
4
897
627
449
829
952
802
30
834
565
565
214
858
599
265
637