135 55
622
991
683
496
871
516
840
936
147
167
408
212
102
177
960
250
331
449
306
933
182
216
432
920
162
826
866
776
557
174
510
530
164
544
25
34
411
216
322
558
734
81
121
835
609
433
437
291
881
742
223
415
310
7
334
471
832
199
598
741
372
108
270
536
3
295
921
414
862
594
323
596
26
443
430
635
227
866
925
108
960
500
874
269
506
207
91
337
757
689
77
481
148
347
368
502
993
640
267
206
234
589
801
259
384
231
245
610
448
170
69
759
669
942
379
526
500
470
862
257
510
291
737
9
989
456
510
333
95
777
538
328
717
339
939
100